17
204 186
70878 40561 20033 82240 23260 9158 39124 75649 58477 15166 11432 89225 59002 18997 89472 28088 41654 35940 30228 85109 12809 38149 81040 94171 63690 79691 62393 92093 95202 18157 27353 18007 50992 45580 94552 96694 57793 57941 30923 18907 62793 51733 88896 67621 45793 65580 14010 122 94650 1302 7771 60341 73761 29047 80722 82505 49744 37068 69280 7084 38174 25405 40890 30733 32388 34739 37044 46871 36179 39526 62862 19252 86590 34087 47066 86181 21340 8964 85398 3730 98189 73680 17856 16717 6213 69486 53803 80425 69643 84138 23263 6794 25927 77363 99438 55335 3581 59311 57407 35863 54962 72712 6980 75603 31275 42881 31160 10854 16417 60438 5832 71028 75996 74640 95424 49762 74950 57287 64832 2400 43805 30147 14994 45430 6812 78567 19704 60115 6527 39909 32489 925 88059 26876 38724 66853 25325 48706 49438 35876 85950 18078 38412 71906 44016 71104 45277 95769 21873 96636 95467 9965 7543 70991 58313 98196 83607 857 29186 46427 45422 99282 21502 65278 70796 33360 38718 61277 82690 18514 80499 99638 62055 32671 4053 42487 15769 83708 30300 77097 90161 22830 46787 59321 25883 35892 
210 240
15678 5031 29065 10973 93986 86630 93892 61518 29372 1130 33685 58014 14905 72890 55261 54079 50632 23603 20041 85906 71483 11089 94528 69085 80119 75468 84463 53458 94943 54622 37259 16054 8172 23624 85130 41632 68966 27501 42403 52624 18355 488 32777 41330 52895 33106 17708 80210 45340 43386 500 3364 10870 25556 61492 33571 67774 37954 31623 65286 30945 92815 37540 8376 85182 83078 18976 22579 51248 30514 30799 87134 65584 72504 69508 72783 26647 45704 37894 11548 13715 80017 54707 94358 44324 42411 18824 17265 48535 21968 53296 99163 51781 71577 37262 59268 36816 81507 95402 91954 2246 62698 93618 95176 39858 97196 55124 10836 51509 32384 19222 63673 48179 59652 83374 78806 5137 66157 95381 27854 30822 55699 78093 90268 75197 87720 38888 86499 59467 42937 30742 84563 6643 42235 91000 28525 18185 5347 58697 85663 43451 95230 85520 69971 48292 69597 61388 90503 37845 63045 23834 1699 89447 1341 86033 75302 86274 62388 83642 4941 96064 76532 56256 96650 37465 51624 17783 93248 58530 56987 26182 76717 749 56812 42733 96774 6094 44523 99071 79406 13379 28357 3013 4861 201 30075 98722 14724 46722 61133 38631 62270 99265 97695 7698 62456 17197 27280 75928 86382 88968 92074 9133 65419 43733 86128 65714 23928 4894 47888 61144 74452 9960 29122 26419 56609 49035 59825 21902 78622 82886 49402 13089 97314 66185 36824 71650 42624 33176 11532 42227 25887 63549 64493 98490 54902 66523 121 11634 84593 
694 208
17441 54360 75047 84040 19427 96528 51384 30202 72527 81739 70149 68742 69227 3099 15476 17892 84787 43699 16164 31197 31506 52507 69743 9761 24981 76440 10734 90181 98054 62601 17800 29400 99186 31290 60202 97074 22019 6814 36487 18235 6143 16359 62703 42976 14563 91486 8320 46279 55367 7549 47802 85982 35053 18760 3700 29877 28011 69506 52675 96315 42002 29316 93192 58099 7968 13237 42900 63288 73836 3029 84445 27251 91765 69709 16978 62912 87722 12774 90196 21713 53631 43412 74843 9806 41258 2517 76736 61961 83518 94565 13623 12401 9469 6369 13923 74997 40654 96617 75575 34584 79152 43737 42933 34117 46141 24203 9857 77607 7139 84743 54271 93732 16799 46585 62081 78465 30057 58769 62360 8138 58708 66792 96118 50446 65518 88457 48322 4377 19834 63209 58464 35032 42057 41886 8419 86968 55049 3656 80170 98437 73415 83946 73635 98173 88006 62816 62379 35216 54955 62794 42824 59791 13036 2865 4167 53158 58073 841 21455 30989 30022 36312 73810 98132 1552 8992 90925 35181 45929 93981 159 3632 42393 63296 84231 27384 59577 60837 86073 88450 68022 5117 1506 84453 63851 21432 72176 3959 55371 30986 39729 40053 25443 20199 6405 87079 6452 3691 64207 50925 40557 82522 82853 80880 11516 10163 51984 48516 
719 327
13315 18750 92265 49324 94925 50158 21507 82034 86864 77105 43107 82966 62142 15648 73388 4369 12822 31396 60545 58770 85068 93812 73280 46470 95870 7496 957 66607 11537 19787 70932 78673 97879 66193 61829 3287 45596 85229 88716 42540 74989 39881 76793 95608 11540 95597 22105 33753 67565 26583 65627 65473 98062 90006 42010 22689 57283 75888 9292 78126 85973 38699 89402 27781 55008 98089 50673 62443 35624 2117 63654 34487 13778 52215 89826 35868 94982 33740 31756 32482 58668 89070 68905 58724 61802 2776 98772 30004 60276 85508 55000 62225 33901 40363 35082 86502 70019 26016 96085 49026 27233 64029 41770 42902 37811 55503 42535 18368 80831 89704 47866 17746 73949 54671 15753 15452 53607 36274 17855 33105 87620 83487 81885 72943 8872 40555 97994 1277 51638 62841 62740 62721 79276 21875 46776 68891 87683 8276 74877 56912 78838 92447 68134 30179 75915 28780 57449 42314 89442 65063 44540 59882 4804 10213 10082 51553 75097 38868 2528 18280 58855 89315 54393 74246 43316 27940 4159 30081 88187 31701 99099 91827 22007 46121 10674 79332 71003 33086 34646 54835 73822 23328 18045 83852 11784 78111 77108 39433 17853 14386 77168 30256 41673 49347 2283 91064 21021 66139 2959 63514 24057 4039 54243 41734 90363 30968 39546 22100 82013 73219 60216 39776 91801 42778 98925 37081 21516 41412 76849 89678 68537 4407 67500 30952 87287 52006 80356 87690 75955 61851 17331 90141 39783 45969 85300 63450 23905 13210 29713 33108 94090 33852 30682 54199 98601 94248 62895 72516 68835 94415 50164 20165 81289 10256 93726 66329 30385 69330 47296 17396 50019 17513 84210 43392 50226 25480 7836 110 13662 57061 22852 65594 59885 31192 73349 70154 57536 55539 24868 61520 50912 78248 96814 65496 43540 72896 18465 26162 72906 71199 7641 15460 99749 81751 92536 94467 46216 42008 5231 97534 62058 76660 99574 37722 62457 2091 7467 10977 46168 50928 40572 22159 31320 3394 94422 55634 60523 57559 77951 54378 17366 29818 90700 95263 48406 58910 50755 
595 220
68603 53571 53866 29542 42456 54752 35249 76523 96425 22671 83972 99055 9591 94641 57835 14793 71239 63686 93806 20760 9344 74379 89289 50193 33595 93825 94826 65008 40307 80858 65093 58529 17612 77177 14913 12798 57565 20868 80046 24269 29411 25607 92045 4075 51101 97344 42504 92052 86677 38848 7808 24007 31576 41946 8388 29728 38685 60491 84223 52357 90453 26525 365 59751 36746 14278 73542 50350 54143 58565 27331 10193 94313 89040 24749 85050 81700 24392 68272 46827 49697 41022 98390 53292 74080 73725 3686 48065 51668 69923 33161 19982 86889 49959 17497 70358 31212 20627 84310 14377 70661 63494 16389 49997 51054 94643 74206 30895 67512 66225 3481 17068 32512 65652 94922 77760 11684 31345 5169 26936 74460 81882 81734 63205 28348 97816 61197 7750 85819 57920 94464 39103 28435 51009 60450 58389 60561 33474 67317 38702 52355 20248 11025 62395 78090 79575 75523 92629 38237 4322 87761 23421 14946 56320 67883 49428 41374 7213 49517 87785 82745 81811 25369 25105 8858 29481 4590 29171 87605 41332 22800 63781 47274 11737 81274 27441 13221 73092 61464 71487 60989 32873 23570 57295 16313 40022 6165 64471 50128 44660 10010 59168 18754 77860 6025 11550 52431 55167 72809 16550 86306 51264 16080 12125 14244 12139 62402 78084 22972 62 26714 98852 96111 11023 72714 75014 66266 812 21589 60187 
774 223
35126 37631 96677 10195 20517 84165 44116 28609 10202 72771 96207 50718 73860 62927 616 37147 78697 42732 11398 44854 32047 1653 89379 1116 82268 31440 93741 38926 21730 13869 26748 91454 15966 74289 17545 32232 73604 30052 63874 24654 90417 94702 55476 91630 92395 91771 87637 83332 63850 69138 77087 45970 41465 63111 58295 40288 70444 85767 53934 64855 68809 55047 17113 11761 47540 7473 47796 89023 40827 1955 63715 98492 50667 69470 33961 1848 50991 51586 3396 21775 52161 5685 60449 57120 35121 86750 93384 23832 3897 81856 83068 87735 50658 7121 84185 68504 5836 43597 68400 9092 58715 93186 30445 35858 11907 74256 90057 29935 87362 35582 14912 27428 28375 37246 11410 64601 85848 31169 75011 5570 39336 11513 59945 20827 99826 61906 22745 58430 3705 70905 88470 67732 51866 59413 57902 26863 84082 43825 2664 12263 29477 41122 91166 55305 89849 65536 76735 87890 35681 64390 99714 81095 64695 72864 71576 57277 5809 10475 54120 56423 11630 90155 7141 42898 79319 33213 11454 60499 52116 74041 34464 11040 32287 33511 72974 43495 13971 5287 69964 33282 54627 83030 43275 66923 54924 94800 80376 54322 75038 93329 96170 42545 31480 466 29249 78548 4241 86702 57472 62487 52086 12728 98098 94167 49381 77157 80366 43535 81982 99611 24541 91902 77002 35127 16086 49500 83967 6458 37760 8812 26233 86175 81210 
901 398
31834 57275 60723 98285 93016 6770 95396 81600 98983 94971 24484 16048 33957 33125 9859 92392 2756 50333 27500 93850 57514 45756 32614 21942 22925 82682 55283 48806 19793 30672 69438 20001 99269 17020 29808 25934 96905 41299 15526 76026 27486 52135 7793 28539 25752 48378 93934 13303 18735 91874 22277 98589 82249 8395 39442 86118 18267 79065 10024 82627 56796 22599 24372 30685 52490 71364 38277 50242 92507 80390 64424 56883 20574 61323 59157 73001 91324 61406 45359 10639 74393 49281 40839 62683 11191 33829 42038 11156 63194 95557 85850 31333 55849 88123 9692 18751 94860 47825 21751 77405 96062 31901 65354 77555 10556 40284 16487 14359 91374 4350 5845 17022 59360 3608 343 4801 35493 15505 64222 75556 54918 91779 92423 49719 67014 46017 36917 18655 741 41221 36170 76397 11874 27279 77884 48091 42974 5767 54218 37047 46840 67465 20981 72779 4467 35872 92256 55362 9339 73173 33533 33320 4834 20759 27756 75936 3540 97616 39265 65785 74586 86540 13533 65883 40118 96511 28989 33097 33188 28982 39749 2196 19227 55048 39435 57091 27793 46607 56501 95252 55114 25878 93754 30245 13427 33630 14772 90017 60850 99914 51992 11174 54686 47610 29100 98001 3424 46999 56693 4897 25227 69904 84994 23190 19861 53979 25535 20100 18556 85251 15541 80707 72094 13954 22225 83149 77190 76614 10672 91613 39686 79881 34374 45575 68196 26504 61374 71262 89431 77920 35379 47103 97944 22212 74427 38835 64341 81903 20043 36532 83148 93254 3176 57802 52752 72695 93589 80070 65809 54698 56210 89689 37880 99542 10358 9904 77160 18189 76377 96666 81820 13035 92877 61102 28187 59672 71667 84112 15738 54289 37213 23271 42382 3402 1214 7586 68970 86505 27571 18219 66514 63580 37763 7649 96975 42597 4800 33587 40808 90583 77541 42692 79789 50960 21093 71461 65097 13002 24894 32969 15197 62913 37412 9897 6915 43586 57794 66057 25012 36351 51687 54256 58962 73982 76323 18793 38284 44063 96215 15987 79423 49928 1697 2260 86349 31734 12759 71178 76233 5995 13043 58714 3245 67730 46710 38767 2319 77978 25275 20506 9579 92952 47169 43773 27162 95500 73650 93665 16653 67271 70342 84519 62272 37521 63907 18197 32238 19081 4127 1747 15587 14488 8200 96697 74623 62467 20932 28519 3112 84781 41143 59291 9105 78441 43654 78097 27648 82948 85139 96763 87408 8107 86855 20443 33053 74376 18376 50380 94701 10531 77789 38567 23684 51137 2139 56399 8249 72589 
618 390
73214 46977 98639 97214 14312 50985 78154 95217 94273 21987 17629 72301 50776 85795 71742 50493 44167 54028 51541 49974 50663 8047 26191 45218 85385 86949 14438 24615 34800 40308 87153 25081 33401 56718 56561 198 89730 10463 8716 80362 69406 78787 19502 15125 47570 18386 44771 35764 47551 75385 64642 87340 79439 1150 87361 50839 29250 79832 62543 77823 96524 26837 73161 74602 26048 29460 40049 67041 92171 79362 95756 66943 77360 35089 3286 85584 41236 79028 49476 63610 86825 18502 19109 65381 53765 58799 23950 91001 13257 96707 80847 36921 28370 56488 25295 65380 38825 77018 90270 41076 84940 81491 84884 76333 22088 13039 46144 69637 97051 47191 76706 89487 95239 36891 23555 22030 19187 21646 96604 48057 29118 95880 1608 84943 34884 87017 75221 10064 47167 14515 506 16089 96595 76069 19692 46177 8361 12273 92409 27657 91975 18392 22909 12254 85816 66868 11468 61472 86336 4504 94567 5234 71176 83794 50162 90873 73589 55235 22945 8437 64438 26563 98609 2862 61653 31244 44896 28697 36618 20758 2607 41119 21574 32390 51611 47061 90083 50068 84448 47702 60730 79104 99159 67851 99065 65858 30540 7373 88013 43315 43174 56556 61549 6147 1291 96628 31761 2731 31430 46774 94848 46332 23134 82619 6592 4528 46127 60261 16971 37544 48086 3655 17516 9166 23015 32703 60817 9613 66365 65609 48 89710 10852 23705 62144 16787 56379 93244 10733 31947 76791 17046 99394 47006 38451 45175 18657 9852 34281 31663 66460 82165 70408 47028 94223 68393 10229 44712 62338 73137 68913 18321 40015 45231 45344 43561 73261 51036 28098 53495 40680 82666 55997 65368 98457 16650 74082 61052 83716 41814 55709 97193 19053 98683 29809 6478 5538 65892 27522 44355 30612 29410 20798 59506 43470 22097 57936 16952 86305 29239 52449 78509 97787 56577 66687 53887 40199 34754 89819 85310 46034 83821 34701 70206 75399 48439 98066 20872 77810 30630 1907 93115 60398 33745 58263 15454 17374 60144 28020 41587 30585 33612 61761 99066 5390 42655 79950 11762 2042 57146 63947 2849 26369 15797 71857 20440 29441 29631 65289 22780 55640 32367 66390 24582 9677 37436 60101 12763 1667 87850 9146 82461 79142 66957 75526 50470 16198 17144 64603 3320 42447 4549 51718 2908 82476 48768 12693 14119 24381 88015 27929 51946 34802 82617 59260 59372 35200 96048 18234 54656 59384 89207 57625 698 52324 25180 58901 47199 72155 90846 
422 331
68036 9727 85452 5921 53658 47808 62995 61832 27158 13992 22961 50672 24931 91209 34980 88938 27053 20916 38111 55498 62232 24764 81437 52739 38547 7463 6066 78741 83241 21701 68535 49140 76989 10833 61706 48325 46486 68188 9955 25632 88734 17136 55366 27923 73313 49363 24481 84251 23129 40215 73612 66252 97748 43324 21718 52221 43960 85488 94123 43511 10701 188 54419 32336 83118 81179 73274 83732 33472 95529 64216 81028 64947 55189 62542 7772 48031 14996 56486 86145 85664 19435 48816 7258 50930 67766 55777 96754 89391 15131 825 94101 54426 98805 20447 84334 19730 45955 1613 58156 85766 73037 93421 69356 16413 23779 67300 88644 52840 68554 10643 94198 86318 19067 61346 2347 50396 41447 70224 30841 95148 93313 48168 43792 95022 57918 71675 32601 10771 68171 49930 24585 80186 17899 21155 5825 79865 97049 45086 98947 80144 24256 3800 71079 1660 65433 98114 67361 28959 49903 23676 73789 98148 84362 99489 17343 216 28238 88677 20864 23492 70961 6276 84744 4702 66527 23144 41294 40447 42729 21247 16498 87148 25501 95549 32876 65301 38646 41454 78474 22607 18128 75192 44758 71467 73826 60698 89128 58086 1368 51189 60033 23458 74761 16084 82195 65994 46415 46858 85471 62854 52957 84340 37682 43294 41878 23887 5336 90134 58410 70829 71485 36626 73384 54105 46512 7364 52171 33041 46578 70855 27656 19917 49364 96607 92808 39575 90867 39956 62534 12836 60657 41220 74102 92020 87120 84664 51944 32737 60040 15388 31781 59534 44914 98061 67332 68369 48430 39501 41623 16331 34402 98106 98978 25962 2167 88922 52664 13631 21354 33250 71969 24841 50735 35757 90527 92568 70001 94844 20036 69368 87918 66458 20716 82037 28193 56472 85837 70536 11084 85558 83631 14395 51622 24144 25787 15108 15128 92450 59366 2158 52928 64220 40577 49935 2938 85356 7783 28373 68294 7163 94092 72411 68920 91606 86616 91748 42210 72199 84703 98901 55987 2076 70010 16891 59822 96288 91200 74215 14163 69383 82479 15251 52451 77394 78896 99639 51887 55053 87501 42547 
369 251
80536 10370 65430 91262 34037 24856 57906 62795 75478 63118 39983 18460 53471 2102 27146 46600 5722 66135 896 98853 44048 36420 28001 95368 8795 26803 64847 10838 8186 30990 80974 67318 20761 55325 91593 7093 6602 23188 20705 71091 21333 76839 65175 6992 80977 45444 55489 16835 40012 10139 99486 21175 56775 95074 94439 27212 6295 21310 85336 28587 51277 11959 3311 54805 16461 47924 95891 71562 50243 95780 63187 69207 16595 4550 8709 82033 65937 65920 49369 99765 49532 10862 34887 48149 31204 47166 9684 29882 37996 67585 17208 49904 25244 92693 75850 77911 79535 34211 8604 78989 72933 29761 63379 62050 94488 65061 91505 50601 2058 31571 82606 75897 43069 99632 65864 24616 2391 43197 23505 25481 50802 13013 45526 47968 27602 37878 34349 67437 27562 89726 84763 82182 55988 89306 22870 69070 12883 88949 27593 35711 44252 30198 59637 81983 76413 80183 22706 54194 66206 34925 36366 73632 33712 28728 90914 91727 19554 22654 42479 43556 70818 99566 1559 26663 95908 7973 65384 5749 24985 85539 8543 51317 53204 23140 73975 90093 41086 6333 79973 50651 67741 28593 13534 76896 36875 77997 25857 15190 15682 37343 95720 4689 65387 43330 78709 47057 2743 55895 97808 84252 79963 6855 7469 85594 12942 56415 633 51654 1231 14816 31413 68025 82675 80251 59171 50465 88673 36377 6019 18942 96713 69972 64749 93274 78470 26347 41577 98222 38907 1195 60092 32124 21268 36318 56809 72490 41756 88767 41699 76334 28327 91029 91842 22656 82436 19723 42654 41650 82632 43277 33306 
312 271
99807 24943 80275 740 83171 73583 10860 38361 83104 57903 6031 85054 96070 58804 74538 14396 9865 12357 27953 12193 23253 38590 65686 94714 26480 41173 19475 7757 53312 98183 84279 88635 95983 33197 41863 1550 79094 87796 17137 10934 73410 115 68638 76100 3038 94443 44615 24476 28195 25070 18459 18038 44766 2381 4911 69534 87706 67848 82112 82866 22766 86991 89166 89133 45854 43685 80812 3780 58300 51291 84769 28168 38791 28359 6414 75395 70999 19161 94632 21441 7482 28473 66758 73052 58552 16754 71731 80377 94140 74414 31185 7410 16866 69205 29627 95636 82164 16924 55679 85410 97490 89103 4396 3738 7585 97088 71914 94136 20103 98093 30421 55726 98288 41879 40057 51669 67481 76863 61250 78331 46297 80539 54910 36992 98569 86442 44815 55094 59416 55420 78988 428 13777 14733 76668 38263 84336 32631 80825 90516 20695 62459 90962 92619 72144 30883 41592 42201 2750 83299 74929 83383 54528 6114 80208 98581 92470 15724 15697 60021 69985 99441 19524 38055 45027 44930 24201 82680 33171 3979 31509 67693 68469 40172 62577 2858 66361 38891 98360 25162 78138 71430 74015 2656 48250 17992 40508 6049 78778 59044 95825 37567 55596 71222 20982 85058 23164 32825 91808 9866 6511 27174 56932 42406 91012 27806 93002 54855 45996 91290 98071 30743 66134 43930 30902 82219 15449 81105 96596 74094 9651 25242 83564 46728 86363 21522 89530 70903 47156 41570 93582 82160 72117 23609 18676 68531 84197 3844 18626 95269 304 92729 55633 6693 5278 97448 80585 3512 8121 14290 25619 52830 82065 83274 29458 19330 78893 64427 55249 20875 13329 1279 8137 10331 13404 40507 53197 9588 59691 94966 18468 
622 332
52192 63055 80864 77269 50963 71158 6210 8982 68676 6129 52976 27797 67715 10920 95077 29179 14524 44909 9577 90326 39098 21051 93410 62863 54456 55390 22220 67011 54950 47618 39160 84388 77626 44185 10208 87264 59536 34249 96494 53047 28990 21720 34889 41976 3652 53653 28560 64112 50139 82369 2873 27802 24788 84789 12414 13393 4188 49297 24909 67977 56110 23829 83248 57727 20647 85313 18109 79384 21263 86098 51161 60552 33792 39980 94089 49586 52942 46118 83540 59469 48595 76242 33672 98164 99480 62579 40453 48195 761 81246 43831 12398 27653 53587 1278 93507 14181 19193 71700 63421 62922 46146 43014 61864 34619 91776 69753 31065 14631 13093 16791 44481 36443 80253 964 71651 20531 82258 80778 98560 84326 27838 21048 62223 31613 37873 2108 7940 18692 51268 70508 7382 4001 53718 37478 42730 68117 60310 76452 66077 10482 6870 94525 19024 94952 80321 90107 8387 77465 88438 12470 15329 91040 1930 56704 20738 3867 64197 26109 43320 73187 6595 71814 9771 36322 17298 73645 62481 16667 65403 59541 10234 79651 75855 87360 27724 34690 18196 42713 11064 25657 50773 82568 67920 98830 44643 30825 88443 16557 61654 99793 12206 43986 85957 93366 33645 67175 75293 94725 71022 11045 19808 4559 45029 60795 71936 8042 24686 5588 54553 5200 35183 2463 87916 77571 73781 8856 92609 11404 89928 92582 85855 16893 79523 57781 24892 40896 42875 67617 15661 34500 36146 92018 59628 61094 78712 17494 354 42784 34347 50387 26238 28746 95658 43888 37525 58058 21257 72806 87942 77674 64681 12070 50567 84554 42663 3313 80168 41044 31748 4466 97059 32363 73819 96771 90320 58594 95020 29718 21162 67131 49509 65058 54029 71220 18013 53814 58294 59841 40357 7058 31391 93729 38559 8677 32934 88800 17823 66614 27452 58451 43534 94945 17658 19865 39838 6397 88101 93205 94255 82353 75842 86507 91272 24920 19970 14445 4591 86346 76604 38890 45005 50754 38130 50789 96854 42988 6226 43980 73147 95104 6336 21126 11945 27410 66297 1528 45245 26135 69551 52987 23394 
672 450
468 52111 57104 13946 77749 92714 39270 61779 79398 26120 49936 44209 64869 99652 24161 23532 19814 4148 53652 45329 31569 14607 95231 32549 73839 40406 36761 3 73069 66496 47227 39364 72017 44907 29466 94233 7394 15073 66456 80573 88083 48371 67234 15672 73713 74498 39140 60320 10743 50390 48791 29330 48527 2127 85692 82624 47347 58224 82251 87116 78836 63561 56269 24264 9610 58161 80606 70741 50367 56432 45084 96752 33220 28097 15868 29207 63742 82649 95291 65985 85063 69900 73959 16509 95550 68660 64565 87846 55909 26290 46214 35048 94692 33195 20432 52559 81027 49495 71689 52789 47531 39960 98890 90878 28415 82049 342 51217 34675 7380 28874 87563 84995 3154 52971 478 46080 36825 79014 17181 14755 89038 28598 61059 51237 37461 30183 61114 8287 64635 60789 9250 82637 86872 27176 8593 80289 90788 60104 21615 83337 46295 41082 3178 20436 51940 24380 37738 19231 22947 15365 88384 8590 18063 63217 62702 77711 52650 63769 14016 84522 69259 13247 33566 80130 56352 77696 42007 52342 37549 44571 51445 37568 98016 69728 5017 11986 22432 20235 87584 44351 79432 63371 49506 24630 49441 48490 44877 25973 87111 46539 70833 99172 81090 40009 33910 67156 82877 87385 86665 86265 37400 76038 45601 75308 12545 27141 82871 4746 12527 21109 52780 99257 40163 1394 63283 29691 86977 38023 18827 92700 39722 13322 96113 56213 69906 33232 46158 11373 45260 97945 41196 44201 57363 25802 86453 30404 33606 91931 17844 44383 5529 37472 18334 35551 36309 66935 63 61336 83674 46532 37152 10560 35005 21556 75571 78452 20094 17097 8257 84059 63777 17017 46981 83278 99790 94366 27370 35895 2545 81516 97535 15748 86801 63804 29081 81757 32868 83347 35184 56342 15564 44542 80686 67987 9891 32203 9524 56097 40467 98213 9571 21880 7683 34909 2369 82656 87270 97572 27930 69192 71772 27538 51066 34064 60811 86676 70457 56936 53914 4708 90383 37506 3936 20451 8188 96720 94615 46501 24190 62326 94886 60703 69274 2411 40580 4515 70957 30206 70595 6910 25881 93328 50680 87162 69659 23299 25235 48423 43683 44678 87398 54306 16412 93899 21924 85206 13229 65011 46655 74218 69107 73308 78296 86440 62769 40061 81127 63367 71345 75491 89471 76951 24259 3439 47325 103 84572 39833 39773 57233 53267 40715 54365 82209 4100 14565 78153 73739 50418 52963 73246 84745 65026 30751 12623 69239 900 81380 40248 32660 72099 57897 23654 120 96090 98026 60197 55445 1779 28101 74511 66906 25122 28270 81140 86679 77459 19955 2304 2009 50609 64874 13986 52538 70655 35914 92910 79948 43741 87154 83679 14132 92883 438 62584 2375 93821 571 16905 33237 52310 9182 34508 23288 66755 23896 71460 82168 96589 6909 39574 47311 89263 68124 59872 32665 17224 2827 55829 
828 330
94356 69366 38873 25230 25205 60773 25467 17316 64321 56314 34907 78804 77621 91676 88748 48431 2682 44503 95145 71331 53028 30349 27311 89164 40641 95406 98534 79442 74828 82115 4755 68257 31078 36553 6138 10073 90068 87967 32568 67934 43606 93605 3014 81069 35930 83806 84814 5576 93270 26092 25047 29548 6873 69939 87872 76250 53128 94868 60061 72021 91117 4868 31703 7283 35023 3757 20917 87062 7088 55735 73452 62140 64625 66241 36402 5263 5996 82577 69388 28118 53339 75180 36200 97084 81481 85847 12275 5492 25337 98754 13468 20202 22245 20700 93685 56412 2596 14051 40463 62817 71415 36355 85857 7835 19395 63037 24862 51917 98481 29931 63505 20155 19757 59570 97826 54746 19360 85734 42444 56837 53668 316 99949 40502 59877 36112 75753 19437 70495 35241 36929 82354 34155 1349 13909 73169 44935 68779 38167 70667 7248 30826 63447 42916 96918 76474 46372 4461 99562 949 6728 95669 68038 56508 90890 35972 5323 53488 61981 79928 71248 54540 19241 34788 59147 26021 30683 86468 82706 14462 20006 64629 69452 38042 7478 60188 72888 66697 76151 26493 74421 9144 54884 85818 26009 42662 39841 5957 15916 10704 14779 75214 1480 55491 93470 74591 17866 4037 2531 33236 42358 74311 24797 9153 54321 7445 25479 30828 41162 99969 23537 73054 60251 19867 26596 19017 94703 29913 69565 23376 46510 59459 24835 39383 39754 7026 93780 89257 95340 41031 39708 74466 50030 97904 20532 20144 54768 93022 75713 75637 31214 44428 20511 23764 6969 81614 72705 39432 19924 14139 65168 49867 16449 45640 35178 88075 94986 12069 34283 23787 60354 24679 9824 6125 58639 86415 69053 7233 56675 61373 11170 60060 98778 19336 10768 22873 34488 23110 24450 15807 54096 55509 30993 93730 62916 82633 79572 5466 86356 95987 98685 37466 19230 13444 68518 57615 39108 36631 68574 15601 3633 47720 54240 1391 30850 14808 48145 55830 76429 18980 18714 85072 47187 47373 42334 19608 11307 80473 73295 64340 40017 93529 4378 86736 85075 4134 57018 46120 4184 43072 
454 248
79224 49 64723 28146 6764 49984 9406 3848 24325 36225 76343 55791 95546 5182 29341 83609 20493 38296 52769 51832 24675 36831 84667 40479 19181 5151 66737 48978 79878 72925 26528 62706 47381 49497 87022 57999 8106 69955 72440 60412 62092 42396 65053 89193 7395 39755 82671 8308 32760 48705 93478 85504 51481 7428 5591 96469 60749 41735 15470 70263 66573 36853 37187 14985 16248 24268 26367 48898 4995 22340 56629 36856 60281 540 54543 22536 352 2168 39460 78346 77648 34334 14807 54164 35266 34955 67347 90265 26799 7193 83687 42942 27881 48751 54090 55922 69440 31104 99148 47211 59788 37021 63480 28662 16183 2136 79933 42146 34702 43433 90916 30471 54611 62014 23364 47946 80169 17924 32110 71745 68277 26848 4297 65700 34192 52464 41075 4864 64576 56509 18800 27052 4829 88133 77847 194 87124 1483 98573 5404 15096 77984 78120 44990 50847 54995 85319 76669 28320 60258 42439 54508 63740 12079 62368 46991 64573 31228 47499 87141 41055 99756 11730 83876 11439 82300 12681 4784 13454 84504 91161 63596 43928 46909 76742 47349 30505 77020 41234 78490 39039 83419 7573 9496 82018 11815 94347 84376 60100 80643 69898 3651 40970 5719 43034 91203 77759 94771 72230 92896 40768 20153 88065 61067 20626 28170 33335 31877 77235 20409 20792 7156 59379 16964 3174 29950 1642 37965 81178 22155 11518 52420 71983 65264 42077 72623 67482 70246 78156 56819 9141 43190 75930 8530 52581 53735 36789 41604 65746 78867 83902 45021 70791 20425 13337 90945 1243 33530 
147 251
34015 89327 34244 28790 10097 36187 64339 62301 11335 30645 33716 61939 51306 24497 13896 47967 6229 45071 96594 13083 63905 57065 56130 68445 2600 69379 94452 60893 83117 31376 93357 67510 40396 52661 20465 67196 7155 66835 79286 33467 39005 65988 92415 11614 42313 13757 84212 44577 3723 30210 68828 60952 42383 14182 76658 4293 9532 34184 52921 18763 84399 83301 6525 87565 41159 78950 6535 92336 1430 499 10692 70894 23257 77335 27264 99374 22676 870 88645 40225 59425 39900 52783 48178 70188 48584 17455 28333 40520 12474 7135 70500 36594 81933 78140 90110 43325 83231 79241 25046 54872 63338 1033 52858 77112 97523 29973 69586 94211 62172 25515 26029 37239 87845 67801 10123 27777 13238 94300 12776 9242 68201 59190 43637 31367 9047 46732 61900 30465 37329 68477 40515 19981 25371 4428 16435 70278 49890 28540 35958 1443 58494 88879 63218 51888 78374 48909 44247 50727 68610 30244 13713 29604 81130 48236 21495 66271 46929 62082 77033 47406 49848 91175 12369 91689 71326 64667 19455 60363 38037 50784 93991 63310 72063 47933 56172 59493 62591 57168 12042 5978 12585 59159 69353 79010 20797 36654 83923 90344 82208 34681 18769 48810 21383 85284 81475 36939 63703 83417 79109 49371 97764 21808 1178 57307 27646 68965 31297 67311 90192 88871 92767 10268 25471 44375 77532 26994 75580 81004 63597 16757 37519 93782 46767 89043 20895 40597 36536 33398 11972 23514 46407 38101 5309 47858 26695 87767 52114 60687 84035 27556 1549 72802 92272 50269 99456 40716 67716 30207 10832 83985 
209 319
27293 60608 36521 9077 67666 1775 50608 67866 33763 5249 79108 96264 5140 35743 73283 51490 39423 29374 85307 40741 36201 95559 37823 67463 72895 41064 89496 31025 32050 77466 56108 11588 47319 92853 21230 28946 80089 17308 95015 6748 19862 151 56283 18011 38103 99113 70976 80612 35507 66643 17620 16528 41380 5494 75968 27911 87113 88686 18601 17267 75498 67353 27363 34409 80912 47680 85730 28000 43199 18516 20478 47065 65996 87035 7755 97232 50500 92937 6590 95645 5171 92841 2559 55881 38074 30868 3629 72123 37656 9340 545 41834 15515 33914 72444 10635 13059 86780 83750 55385 39151 19419 85116 58707 37879 22647 93394 68813 77785 37004 97406 85350 3816 52648 75428 78604 56733 3825 56727 44088 32533 99053 72654 15602 72115 42712 87198 28750 96266 4720 68582 4585 79049 91460 36442 8264 51845 75900 17096 82367 53244 45014 97993 97038 37547 89892 26351 51756 89096 43994 46657 87493 95585 67487 59890 49167 69995 39919 14898 88394 81413 12719 45160 58292 78280 49750 26401 20544 8871 49259 72592 62782 52122 41501 44648 7868 57089 73337 9408 81122 44682 88785 61701 14672 47146 29299 15582 91047 88807 26744 1625 48965 17794 73223 36025 45023 98975 44574 73840 78687 79870 53524 76678 52848 1607 38867 75375 62344 93019 62620 12242 32007 50104 62072 38532 60018 73631 50042 80804 8187 26003 25902 32133 7904 52731 28563 36002 29896 50381 5924 53370 95627 19244 82465 45772 92477 24088 5775 15561 33952 1081 88373 85782 6610 94126 30705 90642 19050 17196 88430 52944 56426 65244 85822 65497 35219 6457 68317 34910 13142 88177 44608 50900 18861 75029 45016 59326 22268 69634 74173 12920 52904 92063 59758 137 94652 19303 64035 9273 48453 30201 18634 33631 45832 82570 8190 32458 48818 65728 58289 44981 68150 56690 3832 78508 37482 38932 3063 39657 40224 43902 59092 79774 92678 37739 66831 85248 61685 47549 91365 80480 4859 81567 40104 25476 46526 36925 78388 70561 
